# Created by Octave 4.2.1, Sat Feb 24 09:44:17 2018 GMT <unknown@unknown>
# name: y
# type: matrix
# rows: 569
# columns: 1
 1
 1
 1
 1
 1
 1
 1
 1
 1
 1
 1
 1
 1
 1
 1
 1
 1
 1
 1
 0
 0
 0
 1
 1
 1
 1
 1
 1
 1
 1
 1
 1
 1
 1
 1
 1
 1
 0
 1
 1
 1
 1
 1
 1
 1
 1
 0
 1
 0
 0
 0
 0
 0
 1
 1
 0
 1
 1
 0
 0
 0
 0
 1
 0
 1
 1
 0
 0
 0
 0
 1
 0
 1
 1
 0
 1
 0
 1
 1
 0
 0
 0
 1
 1
 0
 1
 1
 1
 0
 0
 0
 1
 0
 0
 1
 1
 0
 0
 0
 1
 1
 0
 0
 0
 0
 1
 0
 0
 1
 0
 0
 0
 0
 0
 0
 0
 0
 1
 1
 1
 0
 1
 1
 0
 0
 0
 1
 1
 0
 1
 0
 1
 1
 0
 1
 1
 0
 0
 1
 0
 0
 1
 0
 0
 0
 0
 1
 0
 0
 0
 0
 0
 0
 0
 0
 0
 1
 0
 0
 0
 0
 1
 1
 0
 1
 0
 0
 1
 1
 0
 0
 1
 1
 0
 0
 0
 0
 1
 0
 0
 1
 1
 1
 0
 1
 0
 1
 0
 0
 0
 1
 0
 0
 1
 1
 0
 1
 1
 1
 1
 0
 1
 1
 1
 0
 1
 0
 1
 0
 0
 1
 0
 1
 1
 1
 1
 0
 0
 1
 1
 0
 0
 0
 1
 0
 0
 0
 0
 0
 1
 1
 0
 0
 1
 0
 0
 1
 1
 0
 1
 0
 0
 0
 0
 1
 0
 0
 0
 0
 0
 1
 0
 1
 1
 1
 1
 1
 1
 1
 1
 1
 1
 1
 1
 1
 1
 0
 0
 0
 0
 0
 0
 1
 0
 1
 0
 0
 1
 0
 0
 1
 0
 1
 1
 0
 0
 0
 0
 0
 0
 0
 0
 0
 0
 0
 0
 0
 1
 0
 0
 1
 0
 1
 0
 0
 0
 0
 0
 0
 0
 0
 0
 0
 0
 0
 0
 0
 1
 0
 0
 0
 1
 0
 1
 0
 0
 0
 0
 1
 1
 1
 0
 0
 0
 0
 1
 0
 1
 0
 1
 0
 0
 0
 1
 0
 0
 0
 0
 0
 0
 0
 1
 1
 1
 0
 0
 0
 0
 0
 0
 0
 0
 0
 0
 0
 1
 1
 0
 1
 1
 1
 0
 1
 1
 0
 0
 0
 0
 0
 1
 0
 0
 0
 0
 0
 1
 0
 0
 0
 1
 0
 0
 1
 1
 0
 0
 0
 0
 0
 0
 1
 0
 0
 0
 0
 0
 0
 0
 1
 0
 0
 0
 0
 0
 1
 0
 0
 1
 0
 0
 0
 0
 0
 0
 0
 0
 0
 0
 0
 0
 1
 0
 1
 1
 0
 1
 0
 0
 0
 0
 0
 1
 0
 0
 1
 0
 1
 0
 0
 1
 0
 1
 0
 0
 0
 0
 0
 0
 0
 0
 1
 1
 0
 0
 0
 0
 0
 0
 1
 0
 0
 0
 0
 0
 0
 0
 0
 0
 0
 1
 0
 0
 0
 0
 0
 0
 0
 1
 0
 1
 0
 0
 1
 0
 0
 0
 0
 0
 1
 1
 0
 1
 0
 1
 0
 0
 0
 0
 0
 1
 0
 0
 1
 0
 1
 0
 1
 1
 0
 0
 0
 1
 0
 0
 0
 0
 0
 0
 0
 0
 0
 0
 0
 1
 0
 1
 1
 0
 0
 0
 0
 0
 0
 0
 0
 0
 0
 0
 0
 0
 0
 0
 0
 0
 0
 0
 0
 0
 0
 0
 0
 0
 1
 1
 1
 1
 1
 1
 0


